%YAML:1.0
---
K: !!opencv-matrix
   rows: 3
   cols: 3
   dt: d
   data: [ 4.1222319249328854e+02, 0., 3.4847912609837010e+02, 0.,
       4.1258616533176189e+02, 2.5857390066042007e+02, 0., 0., 1. ]
D: !!opencv-matrix
   rows: 1
   cols: 5
   dt: d
   data: [ -4.0209438015234161e-01, 2.0032473316516436e-01,
       1.8339324304776402e-03, 1.1636957793933773e-05,
       -5.6853048434465377e-02 ]
